10.0 10.0 18.0
10.0008679624 9.99507664394 18.03639585
10.0016541733 9.9904452022 18.0695867555
10.0024921768 9.98532913738 18.1112279009
10.0032120263 9.98072504249 18.1494298353
10.0039625049 9.9757062832 18.2014406907
10.0046108741 9.97108395652 18.2156389495
10.0053079732 9.96602432112 18.2517189181
10.0059060278 9.96147391171 18.2900203042
10.0065519371 9.9562925494 18.3207236501
10.0071157511 9.95157077414 18.3632657284
10.0076759277 9.94655720583 18.3784452352
10.0081827561 9.94192718493 18.4161213962
10.0086886993 9.93701319445 18.4514823794
10.0091331485 9.93242930273 18.4839307195
10.0100283127 9.92268269657 18.5610938716
10.0104355694 9.91750800847 18.5961863107
10.0107659335 9.91298270347 18.6268977005
10.0111055245 9.90796701934 18.6559367482
10.0113976495 9.90333452522 18.6825191452
10.0116843628 9.89842175781 18.7061520903
10.0119464336 9.89367177838 18.7324274311
10.0122220452 9.88857684814 18.7789981714
10.0124288848 9.88395095482 18.808536043
10.0126087135 9.87887183893 18.8176298073
10.0127665064 9.87438511927 18.830016573
10.0129174282 9.86949430491 18.8343606376
10.0130951912 9.86477248528 18.8632433839
10.0132668324 9.85966088672 18.894120067
10.0129082558 9.85508559408 18.9646589309
10.0129579611 9.85014562985 18.9990304321
10.012970438 9.84551540712 19.0172238053
10.0129657703 9.84053170907 19.0317250162
10.0129877551 9.8306090939 19.125912836
10.0128799656 9.82114047734 19.2178678882
10.0127266325 9.81649844978 19.2351683858
10.0125425372 9.81152562191 19.2490157348
10.0123871775 9.80687139906 19.2790116828
10.0122249429 9.80190921887 19.3249860179
10.0120031432 9.79712305607 19.3507376213
10.0117701656 9.79226004928 19.3815198896
10.0114771923 9.78787654113 19.3815200672
10.0112040704 9.78281483248 19.4083032773
10.010926959 9.77819622858 19.4285829852
10.0106498642 9.77318484208 19.4637537689
10.0100806495 9.76353917678 19.530768566
10.0097139232 9.75361849383 19.6776360101
10.0094177505 9.74910235741 19.7290828421
10.0089991671 9.74410616837 19.7720106422
10.0065321607 9.74016608258 19.9236879656
10.0052324506 9.73079185319 20.0110377339
10.0044923891 9.72582411976 20.0597797485
10.0038615601 9.72138016877 20.1202463283
10.0030029678 9.71650384899 20.1501434916
10.0021774551 9.71208702766 20.1696988271
10.0012951817 9.70725179579 20.1989314984
10.0004442006 9.70286319674 20.2180896432
9.99951104491 9.6981136176 20.2387066503
9.99869792013 9.69354142631 20.2774625819
9.99783818492 9.68881258149 20.3174507712
9.99690658236 9.68440661424 20.335792604
9.99584976419 9.6795822421 20.351705869
9.9948461663 9.67525388358 20.3589634567
9.99366470635 9.67041927719 20.358966059
9.9927055102 9.66608669227 20.3731492594
9.99169830531 9.66131123009 20.39667261
9.99060703189 9.65687039796 20.4001359441
9.98712593066 9.6430824578 20.4001451353
9.9860161062 9.63869432277 20.4001485058
9.98481126397 9.63393275259 20.4001523278
9.98372196678 9.62963020682 20.4001559467
9.9825363645 9.62494954271 20.4001600498
9.98150990339 9.62050023642 20.4107644027
9.98028720647 9.61571623716 20.4107689723
9.97917697177 9.61137488855 20.4107733029
9.9779936898 9.60675038264 20.4107780974
9.97700193491 9.60228358297 20.4251907969
9.97576957485 9.59752380286 20.4251961385
9.97458719423 9.59329478546 20.4078075683
9.9733967293 9.5886431068 20.4078131961
9.97230084397 9.58436379574 20.4078185724
9.97110608514 9.57970113639 20.4078246336
9.96991481857 9.57543158205 20.3903112909
9.96872344687 9.57072702401 20.390317846
9.96763122889 9.56641706501 20.3903240685
